-0.012750989003665492
0.02335258812621896
-0.2020476751692762
-0.03764057145106204
-0.11768750418763507
-0.14866430321583957
0.17283170154723768
0.13686528089531846
0.09078557010856557
0.2169482889243398
-0.05230339445142286
0.09921299035170952
0.030648499994467088
0.06873161185306963
-0.10890784750768925
-0.006496795857725497
-0.028761901327339377
-0.03205924145063845
0.01881412042093466
-0.04654074697000244
-0.29763657569289936
0.02959254088415658
-0.011558828855156408
-0.15547627747432935
0.18081882896692217
0.01700726800076541
0.10251446599373117
-0.055705940855396076
-0.17117904344039223
0.08136868872014935
-0.08371520236380654
-0.03520351257143723
0.042885757756881554
-0.1509233967330993
0.013688950294768534
-0.06026533534372961
0.32946743455098354
-0.1165360737881006
3.9663477259179993E-4
0.0596184831382961
0.06583929812882294
-0.028315279647102523
0.1521962118377411
0.07482108763804828
-0.044079810584296344
-0.017413010123570122
0.09574572690538387
-0.08647780663484585
0.12057227706623412
-0.09106399284702592
-0.05769863987208635
-0.14129522886941978
0.14412554517935444
-0.1135899095136195
-0.15858951414693423
0.1819772020558338
-0.06225102054883125
-0.08314890698810333
-0.19836026141057564
-0.1289464128837799
0.11105497007397475
0.012148946049154194
-0.16885738080445545
-0.11973646520533224
0.16785768257734868
0.062266810230762186
-0.18762725886654216
0.038752173440138295
0.022875916227544698
-0.05597656910038847
0.0054765931927721586
-0.11595391120783329
-0.07555607869232601
0.08776546730333902
-0.005203645716230276
0.17848670525075605
-0.07110548743031903
0.031167570708818395
-0.19098035312915004
0.04844132334033964
-0.1994398637806353
-0.04833176064547993
0.09339949540445237
0.15373496380617524
-0.15287131971493526
0.15833143471672761
0.056286953841988695
0.08977415290409742
0.1213070541455886
0.14752281072055368
-0.14119985507819444
-0.14295491484195688
0.05758870838731376
-0.18321560999081152
-0.017159063435021667
-0.14357057959493327
-0.056290492382570646
-0.04494282187076856
-0.05363784252514485
0.0025447627470446548
-0.02801356253778266
-0.20450806915878175
-0.034277716581812175
0.1260330697904287
-0.052885263852612927
-0.1978725925350031
-0.0761910239810236
-0.018897375787665056
-0.11294803366246581
0.13400145423693752
-0.1867598302223717
-0.09730511559324691
-0.18914962427308468
0.0016155003904762928
0.036112566764209465
-0.11073954598471573
-0.11979602094683012
0.03713072460632738
2.2395331566234095E-4
-0.138841656249157
-0.011637816256723964
0.09232682934058137
0.13067318082892823
-0.179397624126529
0.0032182127422710153
-0.0571492766527758
-0.1446847252903831
0.14826169072814852
0.15086820980043855
0.10984216840841722
0.00535988355163427
0.20042109604920402
0.13613089566657596
0.07351135404820382
-0.1994413228651908
-0.12934398434137145
-0.08210413549302688
-0.06480998581896295
0.11231196891256072
-0.052721666620715646
0.012200289045047639
-0.1190626093094589
0.11438323716806588
-0.06226721849479984
-0.01664976793516883
0.2530980078344371
-0.34369789032599796
-0.029144882401761208
-0.1542564758106679
-0.2020526051733173
0.09129751749640583
-0.25003602357571697
-0.08431569423451392
0.010775804476035648
0.04252991131848565
-0.17484071594530673
0.24738454629362716
-0.008589915776964685
-0.12806347034165882
0.07431396145394746
-0.024234988623663894
-0.14363433407718282
-0.06777333779865541
0.15200054538034888
-0.0038296543307889657
-0.03677173260147339
0.14887638635200484
-0.11638489778762887
-0.041639971923482844
0.0410843213046237
-0.17184794130116343
-0.01871894790327976
-0.3442711572719495
-0.06695866898025822
-0.13295098201942557
0.06380961836792148