-0.0393003815300395
0.00392908850747128
-0.170323920940617
-0.17224918424562957
0.00679089316042486
-0.014745359190057483
0.006841877843559528
-0.1865104424169322
0.16915109182723234
0.1487146576366748
0.08140697428107586
0.052879192512452655
0.023854803217763718
-0.1417527710914472
0.13303595696051862
-0.2009205428247586
-0.1325500686245081
-0.13960563806979862
0.03033502846550438
-0.007509754602286362
0.034308792537994286
0.15126639686420756
-0.1406050079489588
-0.16491538413651782
0.06935322474607815
0.07363676667143744
0.06286428535843776
0.04980244303699636
0.15510040202129527
-0.09772110086061603
0.15851411273612837
0.18759212510030246
-0.10850086562926461
-0.008771860762060307
0.009695054216391875
-0.09881132564657125
-0.18046478191936582
0.06803100481022148
0.1905489350962261
-0.01088366330322353
-0.03828578828764917
-0.039874420679482714
-0.1729752071930731
0.04129150239421153
-0.019212490464808142
0.09026706101405077
0.11634191571528847
0.041588625706541676
0.10946317035903273
-0.13812984432838518
0.17936579354511742
-0.08877694252340718
0.013733644392245134
0.14968548807786
-0.19947760103799203
0.15359062393359943
0.04477327637730831
0.053190703795162754
-0.1521618799918581
-0.10426435181946694
0.057115083559136456
-0.1146955182670627
0.13308369199705358
-0.18286330436096063
0.046191744553029865
-0.07913413125846992
-0.13078710264198828
0.11281530964764466
-0.11085424321914344
0.1621436514185133
-0.004627621525788609
-0.047261582222654794
0.15152360315565153
-0.09542808327140834
-0.16164949188062763
0.09353267531444007
-0.07428806411051163
-0.15260295917978703
0.05787328043110562
0.07292976034517268
-0.0568578232288615
-0.15690055268791675
-0.1139947255003195
-0.08957340620497771
-0.0785001712245347
-0.016812051642018308
0.09619618202201455
0.1777980503810989
0.024307044377529667
-9.058550313941623E-4
0.04771955440564774
0.045764232075459134
0.14662547660315997
0.1762232597403317
-0.1932544012797966
0.02266986052148345
0.014528366621177317
0.1316650722140118
0.07547471980233483
0.11463843875394861
0.19454621549028253
0.19350273259275977
0.07648815139077486
0.15484658371795956
0.05087495080233607
-0.10826994923011136
-0.05995414594135332
-0.09464606676525016
0.08059933274477801
0.1505626853880906
0.14672541608212575
-0.1254071693977245
-0.13387179245353575
0.08226471051964274
-0.10943741571720526
0.17021623249114248
-0.06577657916811039
-0.14519780503556026
-0.1461828312998949
-0.1495469054558543
0.12190009684808654
0.14386808789799083
0.14968740253392707
0.1339563442291806
-0.061899148821315336
0.01914110223044804
0.08231622552600647
-0.10618135045170637
-0.1578613519352525
-0.12463598467045336
0.12480038293863352
-0.09365701081718657
-0.16426996674648617
0.14622735471801873
-0.11013701285018374
-0.01102310362589259
0.12772065831743762
-0.04803593869088312
-0.007589107797748781
0.1462557201077815
0.04871938818189731
0.010374631853232032
0.11274923818981378
-0.09568049244047404
0.1225995967086043
-0.013380976091760682
0.03248932066880796
0.08631716076078279
0.05054937748268494
-0.12098633985706617
-0.05653213219524515
-0.05314190668100029
-0.11425740338918283
0.13902978822369885
-0.10366949948888309
-0.16508979596068246
0.18117062612023013
0.062406207913472865
0.010054568675095105
-0.10224882009432197
-0.0685759178469265
0.13692852620174223
-0.11588630495032914
0.027254797933608
-0.07713104342252573
0.04925167326135228
0.054736625021098995
0.04602610078159316
-0.010383906923167619
-0.031150714014357525
0.016408656207405305
-0.09456233819117592
-0.08469228875558611
0.010619502303183238
-0.1482492061099038
0.02784626082458372
0.1468189697161536
-0.17855396720943797
0.0076271959118268205
-0.004834696382607289
-0.02347645727730313
-0.0868101713781186
-0.06039120647855991
0.13957710964550607
0.06418651184224267
0.007780870168155114
-0.018523249129051265
0.023907546839903857
0.020196164678100204
0.04632015536678608
0.06366623362623677
0.042151343270671826
-0.09747293090973468
-0.17355276679674098
-0.05745933705150086
0.13890232231082308
-0.03366601589039518
0.0555287316810395
-0.11935683321532572
-0.14466215931911033
0.17645127051749274
0.08572122538300643
0.10681382884389251
-0.17215779021152494
-0.11059807843241003
-0.007814009368809742
-0.09862320971109968
-0.20224828320616423
-0.1249959315981876
-0.08798362549971608