0.11105618680328846
0.046192491987213036
-0.017301285622929864
-0.10348503547497455
-0.1132350003937984
0.001321945216763154
0.17603544335532487
-0.12512594466339644
-0.1830774054711709
0.041302796343130666
0.003136066360562116
-0.031043473199097033
0.19704039406864934
0.1248457517384449
-0.07986056051299556
0.1881937597154541
0.024825879827803474
-0.17854976926103047
-0.1493789109168019
-0.13051510616968023
0.12797651268296167
0.17462731731374054
-0.06608743001417665
-0.1984846193042822
0.11207989730193017
0.12116359941505428
0.033773414416203906
-0.18589539142842598
-0.035317985337485196
0.07261570279253671
-0.0015365416156081777
-0.10203370847659327
-0.03810383572968291
-0.06507955941514225
0.11358647604978714
-0.052285290339896456
0.03871291817143471
0.1848934560758834
0.13712171795573502
-0.0941788978204503
-0.014995076144154578
-0.13692041116031267
-0.02661450793526855
-0.06407709872945186
-0.18638557127890734
-0.07504761456056326
0.06970923561950969
-0.0021685606852487175
-0.06657216046274331
-3.40855415909631E-4
0.0732635821789864
0.12027302189138737
-0.007549115928003074
0.15647628818507112
0.091512501940586
-0.03497991099575919
0.08071561488759783
0.07982447321937577
0.08597329520884846
0.03311844311064625
-0.005676957219333427
0.1908675902395321
-0.0457054501984623
-0.12555853903680483
-0.042361353106712206
-0.15826078379929095
0.09641128917786256
0.18841050511148733
0.03144144154973742
0.023338795832770647
-0.1471275317029897
0.1752160675028408
0.05088874667502746
-0.06138189666126469
0.04829101772940127
-0.19348012140273949
0.0836487575091069
-0.10409470100821597
0.15893607201195756
0.14920731246587424
-0.028432612862719482
0.1647117533261405
-0.070216244796376
-0.15097504181573984
0.005051879145333298
0.0040708807035733235
0.07948293543218238
-0.20691951330573924
0.05775129836590913
0.07863371564818014
-0.19461712991828548
-0.14771806018689787
0.17836890217776574
0.0767800461108944
0.024155874049740466
-0.13160763057312122
-0.043295629327313234
-0.08761128635738982
0.05370373311328537
0.015735815769409207
-0.12904171524753655
-0.1208916885382042
0.1076667382606574
-0.14924764228215018
0.036090755156124345
0.07308605968403904
0.11746545843578653
-0.1265643079777578
0.1561144598808991
-0.010764037285548197
0.15902537225754798
-0.039247583661761024
0.08161776145458854
-0.13177649187981844
0.10814841704820984
0.15363796988908784
-0.014705515831191313
0.012703872046079
0.08995938936008632
-0.0648317702535062
-0.09069620041395297
0.1555725016188409
0.18048705207064072
-0.10653295095757481
0.16038495093200114
0.076257124789826
-0.13085631748676324
-0.04824669183567601
0.03191010002615953
-0.0274575523821298
-0.029340243498301645
0.11831143163624307
-0.0037601573312895016
0.03907491922744174
-0.11172694152300797
-0.1016392558955752
0.17647453423028364
0.10262156969303217
0.16006054624794175
0.04457145167692392
0.032366486672722856
-0.055323395411678564
0.1446193043866884
0.15928214344229735
-0.09567285679163902
-0.013591357852716892
-0.14042882594215983
0.11227593602565768
-0.03927767551557986
0.05219496877622777
-0.08244857824398813
-0.0706192544333791
-0.04088042008502204
-0.13370316800890789
0.039405082589692914
0.0781671136625511
-0.12782022368870613
0.08846589394603792
0.08163491615073552
0.04574819014780242
0.018386522507375224
0.004523035807019953
0.09193271328120896
0.07105591529204401
0.033567191575680805
0.0353445744208214
-0.12096183792589597
0.03380189745602471
-0.024469465435243424
0.02158243510794527
-0.09715352619459104
0.09692060258374742
-0.06766794731817662
-0.03159929124597245
0.014109024525850005
-0.01609465421935503
0.07293316189718121
-0.09159308971154595
0.011906231231686649
-0.1538307372900046
0.12350774222949944
0.1043802886489998
-0.07731607472108977
0.14096459145499676
0.17897944738918642
-0.10128850129211182
-0.0915980058366954
-0.08037565212435822
-0.07797424059780249
-0.13967525852442136
0.09588328652676184
0.10520253770220056
-0.10003621063390115
0.035372820309834976
0.1443530229093341
-0.04072425042669425
0.15970396702813774
0.06974845853016426
-0.12814529068153666
-0.05184846041891324
-0.13725264332654313
0.06584496340467658
-0.06047735918122845
-0.1436979361461079
-0.10546602611619592
0.06350761933132752
-0.03677692699771102
-0.08266152409404832
0.12872615536255946
-0.12392630324812151