0.2127786872539916
0.14204766728248097
0.030697305389662474
-0.07627076898972479
-0.155798719535044
-0.19813444852525688
0.1968243908068191
-0.08959767763622649
-0.19363436648826804
-0.07260199679600624
0.02588009226350157
0.17420016896120755
-0.18428185779444906
0.040939184043841496
-0.11180277362891372
-0.15648562682974734
0.10058614460500126
-0.07173301980836973
0.13638596901453212
0.15636575765957983
-0.09309581660599497
-0.009809116116773806
0.10850067861313427
0.1807667005471657
0.135188212477201
-0.09306656338415939
0.14079237018634855
0.13948298264316075
-0.0176346638072065
0.049570522633265016
0.0030627674588180136
0.160061713584051
0.18406211281204166
-0.15269203059508035
-0.008303845586293703
-0.15525433080904705
0.09082463649059572
0.11103995204321226
-0.03555417752578245
-0.058199108079041335
0.12800235322031556
0.10209665335176546
0.04024272480941783
-0.0890988784189023
-0.13429724569656276
-0.11916924474861082
0.17135308848608605
0.08522847263221552
-0.06629392700337193
-0.12956438003216592
0.025407886296987856
0.0882307514214067
0.05379363230353785
-0.09361134202955988
-0.016658110668395804
-0.036130736031049195
0.16150518645101714
0.1341053761229282
-0.04128900390494351
-0.10570228243868732
-0.15366787573729704
0.13527985775274146
0.09341087799400186
-0.17805731950792783
-0.08380538754861135
-0.05972686369232786
-0.09074321045859336
0.10897354441587045
0.08017403471505083
-0.14900138696127463
-0.13186729670388583
0.17058346626543724
-0.0985141008815643
-0.13865415676519416
-0.08313846339639618
-0.14816178847100836
-0.1322932423584711
0.1639057205210805
-0.194045731795247
-0.11503250804888333
0.10445569491511612
-0.08307212711094727
0.13813338950945142
0.03802414931742234
0.03609639057093328
0.022602913171908028
0.1351480970463898
-0.13099938310365922
-0.180981490076541
-0.1776714129488494
-0.04145945860758678
-0.0918985418526716
-0.015669965133677462
0.16196915894552344
-0.148342247798256
-0.06333018170176231
-0.056885500693120955
0.15432382587577773
0.10979542634381095
0.1148510748452988
-0.028559776400232915
0.17394297002803893
0.1837986230443341
-0.15165745971619699
0.07284963599722802
0.18826534820997531
0.17205509693118856
-0.008521950690790186
-0.07268853894730548
-0.20193917107526563
-0.012802432909307078
-0.055825100007754376
-0.19543607978397298
0.1656367487256246
0.04192342705349877
-0.030179471044987267
-0.07107189997400118
-0.1071142356265745
0.20208003995086427
0.11477629354016741
0.10193331610190734
-0.17984449660882423
-0.04778499379012806
0.12631838999681216
-0.024328395410366625
0.03340530102011128
-0.0999285650617526
0.1282062901916328
-0.06722653585982183
-0.2123619667657053
0.056394983885898455
0.034556292113296735
-0.16323906556253054
-0.046341149247892316
-0.010742479750265998
-0.10872284375781438
0.11853885167078436
0.0019029715380145618
-0.12303940397322372
0.10224307893765229
0.1470931419691242
0.11033578239460509
0.0934239520064658
0.15175505469597733
-0.13226836276932624
-0.06412015472715675
0.1154758649279695
-0.16564224118196258
-0.008011107446958139
-0.15195802982588694
-0.03493651253411108
-0.006435919593392551
-0.0762336894001342
-0.17083208446746087
-0.0994510453251147
0.09643317924055682
-0.07508403470340434
-0.029172642605714075
-0.05108963727653394
-0.001978941704688492
0.029425328767511867
-0.08084978008497928
-0.0015180644619265217
0.06303654666150899
-0.03228413094145889
0.07723998878547393
0.10882540392143175
0.08328253803097665
0.01040867832623939
0.02549882226088227
-0.12682111814460545
-0.07250361662064264
-0.0482955052574159
0.01921123323183361
-0.03539044875512899
-0.15707133364910417
0.011879282983983138
0.059176505965083476
0.044058742141152366
-0.14908378987943743
-0.14782749991020305
0.05037346337309148
-0.12283473186562266
-0.14616477888071183
-0.2091863928131056
-0.0910620823068982
0.10030658869802844
-0.10291139683182941
0.094577580852235
0.010142568072018762
-0.1402060098336487
-0.061856653226978905
-0.08165946358575858
-0.03209918160369061
-0.12664614456107773
-0.013171867737970506
-0.09322398166047893
0.0195184896253826
0.1317373016855921
0.12447988848262709
0.1424539818610845
0.1498074119089031
0.05860028075843477
0.0034524667583031017
0.11183185667992197
0.11259278746832471
-0.15179851005686107
0.057676705325567
0.035816004455567804
0.005910798904974784